$ANSIBLE_VAULT;1.1;AES256
30376332623132666339666532356230626364386132386636356365666237306164306566353036
3734616565616636383363316136306465356263653161390a393363666561623736646330363366
62313061313562333231363638616161333161396265653566363565313366303736613034633462
3833396536626461630a333238373539623430623439333736353166383366346230373462356661
34336337366361383630313932356365303930616139363936323132366131616633666637666633
32353735313234393039383430396430613132646338333233363935663563653965333533363638
38313730343434333066663831343230343664363664613864633938326564363863643833396565
66643164356265373530653362396232613737633838636236303632663538383432313631383135
31613136666237323461313866656663626531363061616638363764306337623539623431353836
36656265333266646662623038363262636532303166613731326132636362396161373631306132
61383938636438383038393861623234663537383335326434383837333661656333363739383264
63643162376237393066313036356464303033346631363563343665653461366563316361373466
64353330366235613033653531626463303838363765373463386231633163663637393361366530
37653037376133613837633366616534336565326138346266363862306566356662396330313237
63373032313233626130353365316439336433333164653966626163386337356463613834356264
34656338393231663565656330633238393636666332326635366365386333366265366137396436
38616365393835613663323138386364326231383165656633313862303230626236313936353163
34326563323735636532633230663363386263636162303866326538316166323337646330353232
33656432333631306134376231626133653538343961646366323339366338346361373430643037
37366539343762653465316364626635326232366266666161653665336431656339646538323565
38376564303036663639666566303232336438633435353366373865656164363538316363613132
63663436656436343835306639303336623136346635363463393530353135616161303331316365
36356632313434636237623162303737366130346131363039663530373636656131626639383864
33326336616133306263663261366136343933646564373738373038613064313564646338346434
39346538363762623934623335663139616132396666656364663039333735353262666634613239
33633465386230623062343062636333336537373031656338666238646164393664353332363161
64366434636539643736343165396436383933323838363836373530633739326635303066633331
33396664346532396663636439366232333961303339653364363735323762353732666339366365
39383065363562643939333834353466393932646563646266366564333533376332393063383236
37623430393330613861633030336332373730356566613135323939396639323164336561313164
65653565646136303964333166313738333536353365383765306636343638326338326537366164
35316430626134383437646534363536323134643765346562316634633135616434653363633338
31353561626166633836336438623562373234636230626336646565353236303934353936366236
34343436313835656333653538343635383432633462343432393236616361643932386464636536
62366466643237363538626463323162363164393738616136333533316336326666653435373937
31643133656539353864326362656536383632333836373466346361633439616436346132393763
32333630636332653037346561356266623430323939333937313331303162306664396632396366
33613363663865386563666361383266616135393238326562386464373731326534363962393565
64613537623935313163376631333034326131656134626564306139333861393735343835396439
36613461666530656661363733663331653136666434653635333736643438373763666563653836
61343431316338336431323262616565613064663465633063653033633562633133383832663938
37353965306133323666333263653962373931383862323638386162393761386561353639386130
38663935393636326231653331646534666632376131346438393130323035636438616436626563
64383664613564343333343335393130356230653864663136653064323930323265333634643363
65646137313861356463326534343863643061663465366666306531353830383037383131623436
61393630363832633063323033373965343964633032613031313731663063373533316230363537
38373230376364363435653663326635326437303935656534643230613033613866353530663038
34636133326162303337663166646464373465336166306539613935623839373063666630623938
39616133336339336537633138643663386431653138323737626437383438636238306236613961
63393331306637613030633766356238343465373838343333626261643832313334643136633934
61643837333432313761356639646130626261616465643330363539643136653462373932363632
63353133363538616237326638666235356532396364613765393962346334343830623866343866
39643964613661663532343563373831353562396263306331333763643031363638316363636565
38646666336139363135616232356137663965343535383263353261396130633539313165396633
30616438363632373038656630613835343561353463663833333135343266623666306133663133
64303133316439313864636131336332303564366365633332646437383539323135383639616163
32346232393737326534643430356635646632643831363166303566666633323366336266356230
66353532333334313036653939396330313237316536646330653732626261653438346634653037
31633630343735633437616430323730333138653263613333633835656565313239613237653261
32613763306137633739363565306364653662303733363937333338656661613339336361373162
66656130623662343264343861303233396233356164303562316631336330386366393434666464
31616336373264356561626436326431306333363933393537613230343732626439326537333439
38313161336538313737356463383661353532356463643365323438383161636139383530353664
66633336393133653539376630343835653465636136613731636130346532613665346637663731
66353064353561396638306161316565623037653865356430356637653533306463383137316365
63656539366266323536383966333238623233313334376565323431636230643232636337326637
66633564666337396131643538303132343161366561383032333962646361613761646562386131
38616364636631653738363937633434346434613138366466333864373836363432343465366437
64656366396162616338393032663163353634343964373836386335646135663165376562383132
63303365383165613337336439633436623334386337373535663263316230366534623333633039
31396239373666623266323233333333336233353661376338333761386337326533373666623633
38326330343031353366656161386338343139666634613963323036326438353430303132373264
61316565313935303562356531303665363031646130666439393433323862643734316634643061
65623432633839316133313761616263633433643735623638333466646363666339363232663037
32323239373530363439363737633866353361376364663865333339363961353765346465316466
65356666316437653933366234333663313937613539353766653035623530623435376465336434
33393037616238386261363631313036666236376238363161636362386561653766373033653536
63303733333265366235316631666462323131666463646331663664626631303433373463333430
61353939326461626130363839623137393165303135666235366532383534356431313663373236
36353137353236623730633066616433363337363835326232656435336530343739393338313963
65616232353035303030626332386537333530343161666263316162646265313566306130303731
63303437633036343630636130623963303261353531336537333833666235366565373361323935
30383837633063393964623937633062356437393966396134303637373661343737396232626666
63303464663938356539663939376362353666383131316638656563363464316336313561303163
61343461333262366261373832383565376365663633633766653838656262626466353635353965
39326361613331363937323462646231633336616130376663646638663533626432623937353963
62663364626233666533623539643865626232386564336632393534303861616262653765303166
37613461393230393536
